2 2
3 2
4 2
5 1
6 0
7 -2
8 -4
9 -5
10 -7
11 -7
12 -8
13 -8
14 -8
15 -8
16 -8
17 -8
18 -9
19 -10
20 -11
21 -12
22 -12
23 -13
24 -13
25 -13
26 -14
27 -14
28 -13
29 -13
30 -13
31 -12
32 -11
33 -10
34 -9
35 -9
36 -9
37 -9
38 -9
39 -10
40 -10
41 -10
42 -11
43 -11
44 -11
45 -11
46 -11
47 -11
48 -11
49 -11
50 -11
51 -11
52 -10
53 -10
54 -10
55 -10
56 -9
57 -9
58 -9
59 -10
60 -10
61 -10
62 -10
63 -9
64 -8
65 -6
66 -4
67 0
68 3
69 7
70 10
71 12
72 13
73 13
74 13
75 12
76 11
77 10
78 9
79 8
80 8
81 8
82 9
83 9
84 10
85 11
86 11
87 11
88 11
89 10
90 9
91 8
92 8
93 8
94 8
95 9
96 9
97 11
98 12
99 13
100 13
101 13
102 13
103 12
104 12
105 12
106 12
107 12
108 13
109 13
110 13
111 13
112 12
113 11
114 10
115 9
116 8
117 6
118 5
119 4
120 2
121 1
122 -1
123 -2
124 -4
125 -5
126 -6
127 -7
128 -8
129 -8
130 -9
131 -9
132 -10
133 -11
134 -11
135 -12
136 -13
137 -13
138 -14
139 -14
140 -15
141 -15
142 -15
143 -15
144 -15
145 -15
146 -15
147 -15
148 -15
149 -15
150 -16
151 -17
152 -18
153 -19
154 -21
155 -24
156 -26
157 -27
158 -29
159 -30
160 -32
161 -33
162 -35
163 -37
164 -38
165 -42
166 -45
167 -50
168 -54
169 -58
170 -63
171 -69
172 -76
173 -82
174 -88
175 -96
176 -104
177 -111
178 -117
179 -123
180 -129
181 -136
182 -144
183 -152
184 -158
185 -165
186 -173
187 -180
188 -187
189 -194
190 -201
191 -208
192 -215
193 -222
194 -229
195 -236
196 -242
197 -248
198 -255
199 -262
200 -269
201 -275
202 -280
203 -286
204 -293
205 -300
206 -306
207 -312
208 -318
209 -324
210 -331
211 -337
212 -343
213 -349
214 -356
215 -362
216 -368
217 -374
218 -379
219 -384
220 -390
221 -395
222 -400
223 -406
224 -411
225 -415
226 -419
227 -424
228 -428
229 -431
230 -431
231 -430
232 -428
233 -424
234 -419
235 -413
236 -406
237 -398
238 -391
239 -384
240 -376
241 -369
242 -362
243 -356
244 -350
245 -344
246 -339
247 -334
248 -330
249 -326
250 -322
251 -319
252 -316
253 -313
254 -311
255 -308
256 -306
257 -304
258 -302
259 -300
260 -298
261 -295
262 -293
263 -291
264 -289
265 -287
266 -285
267 -283
268 -281
269 -280
270 -278
271 -277
272 -275
273 -274
274 -272
275 -270
276 -269
277 -267
278 -265
279 -263
280 -261
281 -259
282 -257
283 -255
284 -253
285 -251
286 -248
287 -245
288 -243
289 -241
290 -238
291 -235
292 -232
293 -229
294 -226
295 -222
296 -219
297 -216
298 -213
299 -209
300 -206
301 -202
302 -198
303 -194
304 -190
305 -186
306 -181
307 -176
308 -171
309 -165
310 -160
311 -155
312 -150
313 -144
314 -138
315 -132
316 -125
317 -119
318 -112
319 -105
320 -98
321 -91
322 -84
323 -77
324 -70
325 -62
326 -54
327 -47
328 -39
329 -33
330 -28
331 -23
332 -20
333 -18
334 -17
335 -18
336 -20
337 -23
338 -26
339 -28
340 -28
341 -28
342 -28
343 -26
344 -24
345 -23
346 -22
347 -22
348 -22
349 -22
350 -23
351 -24
352 -24
353 -23
354 -22
355 -21
356 -19
357 -18
358 -17
359 -16
360 -16
361 -16
362 -17
363 -17
364 -18
365 -18
366 -18
367 -18
368 -18
369 -18
370 -18
371 -18
372 -19
373 -20
374 -21
375 -22
376 -24
377 -25
378 -26
379 -27
380 -28
381 -29
382 -29
383 -29
384 -29
385 -29
386 -29
387 -29
388 -30
389 -31
390 -32
391 -33
392 -34
393 -34
394 -34
395 -34
396 -34
397 -33
398 -32
399 -31
400 -30
401 -28
402 -25
403 -22
404 -20
405 -17
406 -15
407 -14
408 -12
409 -11
410 -10
411 -8
412 -7
413 -4
414 -2
415 1
416 3
417 6
418 8
419 11
420 13
421 14
422 16
423 17
424 16
425 15
426 13
427 11
428 10
429 8
430 6
431 4
432 4
433 5
434 6
435 8
436 9
437 10
438 10
439 10
440 9
441 8
442 7
443 6
444 5
445 5
446 6
447 7
448 8
449 9
450 9
451 9
452 9
453 9
454 9
455 8
INFO:root:Loaded video at: src/test_squat.mp4
INFO:root:Video FPS: 30.0
INFO:root:CM Multiplier: 0.15875
2 2
3 2
4 2
5 1
6 0
7 -2
8 -4
9 -5
10 -7
11 -7
12 -8
13 -8
14 -8
15 -8
16 -8
17 -8
18 -9
19 -10
20 -11
21 -12
22 -12
23 -13
24 -13
25 -13
26 -14
27 -14
28 -13
29 -13
30 -13
31 -12
32 -11
33 -10
34 -9
35 -9
36 -9
37 -9
38 -9
39 -10
40 -10
41 -10
42 -11
43 -11
44 -11
45 -11
46 -11
47 -11
48 -11
49 -11
50 -11
51 -11
52 -10
53 -10
54 -10
55 -10
56 -9
57 -9
58 -9
59 -10
60 -10
61 -10
62 -10
63 -9
64 -8
65 -6
66 -4
67 0
68 3
69 7
70 10
71 12
72 13
73 13
74 13
75 12
76 11
77 10
78 9
79 8
80 8
81 8
82 9
83 9
84 10
85 11
86 11
87 11
88 11
89 10
90 9
91 8
92 8
93 8
94 8
95 9
96 9
97 11
98 12
99 13
100 13
101 13
102 13
103 12
104 12
105 12
106 12
107 12
108 13
109 13
110 13
111 13
112 12
113 11
114 10
115 9
116 8
117 6
118 5
119 4
120 2
121 1
122 -1
123 -2
124 -4
125 -5
126 -6
127 -7
128 -8
129 -8
130 -9
131 -9
132 -10
133 -11
134 -11
135 -12
136 -13
137 -13
138 -14
139 -14
140 -15
141 -15
142 -15
143 -15
144 -15
145 -15
146 -15
147 -15
148 -15
149 -15
150 -16
151 -17
152 -18
153 -19
154 -21
155 -24
156 -26
157 -27
158 -29
159 -30
160 -32
161 -33
162 -35
163 -37
164 -38
165 -42
166 -45
167 -50
168 -54
169 -58
170 -63
171 -69
172 -76
173 -82
174 -88
175 -96
176 -104
177 -111
178 -117
179 -123
180 -129
181 -136
182 -144
183 -152
184 -158
185 -165
186 -173
187 -180
188 -187
189 -194
190 -201
191 -208
192 -215
193 -222
194 -229
195 -236
196 -242
197 -248
198 -255
199 -262
200 -269
201 -275
202 -280
203 -286
204 -293
205 -300
206 -306
207 -312
208 -318
209 -324
210 -331
211 -337
212 -343
213 -349
214 -356
215 -362
216 -368
217 -374
218 -379
219 -384
220 -390
221 -395
222 -400
223 -406
224 -411
225 -415
226 -419
227 -424
228 -428
229 -431
230 -431
231 -430
232 -428
233 -424
234 -419
235 -413
236 -406
237 -398
238 -391
239 -384
240 -376
241 -369
242 -362
243 -356
244 -350
245 -344
246 -339
247 -334
248 -330
249 -326
250 -322
251 -319
252 -316
253 -313
254 -311
255 -308
256 -306
257 -304
258 -302
259 -300
260 -298
261 -295
262 -293
263 -291
264 -289
265 -287
266 -285
267 -283
268 -281
269 -280
270 -278
271 -277
272 -275
273 -274
274 -272
275 -270
276 -269
277 -267
278 -265
279 -263
280 -261
281 -259
282 -257
283 -255
284 -253
285 -251
286 -248
287 -245
288 -243
289 -241
290 -238
291 -235
292 -232
293 -229
294 -226
295 -222
296 -219
297 -216
298 -213
299 -209
300 -206
301 -202
302 -198
303 -194
304 -190
305 -186
306 -181
307 -176
308 -171
309 -165
310 -160
311 -155
312 -150
313 -144
314 -138
315 -132
316 -125
317 -119
318 -112
319 -105
320 -98
321 -91
322 -84
323 -77
324 -70
325 -62
326 -54
327 -47
328 -39
329 -33
330 -28
331 -23
332 -20
333 -18
334 -17
335 -18
336 -20
337 -23
338 -26
339 -28
340 -28
341 -28
342 -28
343 -26
344 -24
345 -23
346 -22
347 -22
348 -22
349 -22
350 -23
351 -24
352 -24
353 -23
354 -22
355 -21
356 -19
357 -18
358 -17
359 -16
360 -16
361 -16
362 -17
363 -17
364 -18
365 -18
366 -18
367 -18
368 -18
369 -18
370 -18
371 -18
372 -19
373 -20
374 -21
375 -22
376 -24
377 -25
378 -26
379 -27
380 -28
381 -29
382 -29
383 -29
384 -29
385 -29
386 -29
387 -29
388 -30
389 -31
390 -32
391 -33
392 -34
393 -34
394 -34
395 -34
396 -34
397 -33
398 -32
399 -31
400 -30
401 -28
402 -25
403 -22
404 -20
405 -17
406 -15
407 -14
408 -12
409 -11
410 -10
411 -8
412 -7
413 -4
414 -2
415 1
416 3
417 6
418 8
419 11
420 13
421 14
422 16
423 17
424 16
425 15
426 13
427 11
428 10
429 8
430 6
431 4
432 4
433 5
434 6
435 8
436 9
437 10
438 10
439 10
440 9
441 8
442 7
443 6
444 5
445 5
446 6
447 7
448 8
449 9
450 9
451 9
452 9
453 9
454 9
455 8
